0.0 0.0 -0.0018325061879125978 -0.0036650123758251957 -0.0073300247516503913 -0.010995037127475587 -0.010995037127475587 -0.0091625309395629885 -0.0073300247516503913 -0.0036650123758251957 0.0 0.0 0.0 0.0 0.0 0.0 0.0 0.0 0.0 0.0 0.0 0.0 0.0 0.0 0.0 0.0 0.0 0.0 0.0 0.0 0.0 0.0 0.0 0.0 0.0 0.0 0.0 0.0 0.0 0.0 0.0 0.0 0.0 0.0 0.0 0.0 0.0 0.0 0.0 0.0 
0.0 0.0 -0.0018325061879125978 -0.0036650123758251957 -0.0073300247516503913 -0.010995037127475587 -0.012827543315388185 -0.010995037127475587 -0.0091625309395629885 -0.0054975185637377933 -0.0018325061879125978 0.0 0.0 0.0 0.0 0.0 0.0 0.0 0.0 0.0 0.0 0.0 0.0 0.0 0.0 0.0 0.0 0.0 0.0 0.0 0.0 0.0 0.0 0.0 0.0 0.0 0.0 0.0 0.0 0.0 0.0 0.0 0.0 0.0 0.0 0.0 0.0 0.0 0.0 0.0 
0.0 0.0 0.0 -0.0018325061879125978 -0.0054975185637377933 -0.0091625309395629885 -0.010995037127475587 -0.012827543315388185 -0.010995037127475587 -0.0073300247516503913 -0.0036650123758251957 -0.0018325061879125978 0.0 0.0 0.0 0.0 0.0 0.0 0.0 0.0 0.0 0.0 0.0 0.0 0.0 0.0 0.0 0.0 0.0 0.0 0.0 0.0 0.0 0.0 0.0 0.0 0.0 0.0 0.0 0.0 0.0 0.0 0.0 0.0 0.0 0.0 0.0 0.0 0.0 0.0 
0.0 0.0 0.0 0.0 -0.0036650123758251957 -0.0073300247516503913 -0.0091625309395629885 -0.010995037127475587 -0.010995037127475587 -0.0073300247516503913 -0.0036650123758251957 -0.0018325061879125978 0.0 0.0 0.0 0.0 0.0 0.0 0.0 0.0 0.0 0.0 0.0 0.0 0.0 0.0 0.0 0.0 0.0 0.0 0.0 0.0 0.0 0.0 0.0 0.0 0.0 0.0 0.0 0.0 0.0 0.0 0.0 0.0 0.0 0.0 0.0 0.0 0.0 0.0 
0.0 0.0 0.0 0.0 -0.01030447145053426 -0.013969483826359456 -0.015801990014272054 -0.01763449620218465 -0.01763449620218465 -0.0073300247516503913 -0.0036650123758251957 -0.0018325061879125978 0.0 0.0 0.0 0.0 0.0 0.0 0.0 0.0 0.0 0.0 0.0 0.0 0.0 0.0 0.0 0.0 0.0 0.0 0.0 0.0 0.0 0.0 0.0 0.0 0.0 0.0 0.0 0.0 0.0 0.0 0.0 0.0 0.0 0.0 0.0 0.0 0.0 0.0 
-0.040948022295385945 -0.040948022295385945 -0.040948022295385945 -0.040948022295385945 -0.051252493745920204 -0.01030447145053426 -0.012136977638446858 -0.013969483826359456 -0.013969483826359456 -0.0036650123758251957 -0.0036650123758251957 -0.0018325061879125978 0.0 0.0 0.0 0.0 0.0 0.0 0.0 0.0 0.0 0.0 0.0 0.0 0.0 0.0 0.0 0.0 0.0 0.0 0.0 0.0 0.0 0.0 0.0 0.0 0.0 0.0 0.0 0.0 0.0 0.0 0.0 0.0 0.0 0.0 0.0 0.0 0.0 0.0 
-0.051117561992544656 -0.051252493745920204 -0.051252493745920204 -0.051252493745920204 -0.061556965196454462 -0.02060894290106852 -0.01030447145053426 -0.012136977638446858 -0.012136977638446858 -0.0018325061879125978 -0.0018325061879125978 -0.0018325061879125978 0.0 0.0 0.0 0.0 0.0042046726350888604 0.0042046726350888604 0.0042046726350888604 0.0042046726350888604 0.0042046726350888604 0.0 0.0 0.0 0.0 0.0 0.0 0.0 0.0 0.0 0.0 0.0 0.0 0.0 0.0 0.0 0.0 0.0 0.0 0.0 0.0 0.0 0.0 0.0 0.0 0.0 0.0 0.0 0.0 0.0 
-0.071456641386862085 -0.071591573140237633 -0.071861436646988727 -0.071861436646988727 -0.082165908097522986 -0.04121788580213704 -0.030913414351602782 -0.01030447145053426 -0.01030447145053426 0.0 0.0 0.0 0.0042046726350888604 0.0042046726350888604 0.0042046726350888604 0.0042046726350888604 0.0084093452701777208 0.0084093452701777208 0.0084093452701777208 0.0084093452701777208 0.0084093452701777208 0.0042046726350888604 0.0 0.0 0.0 0.0 0.0 0.0 0.0 0.0 0.0 0.0 0.0 0.0 0.0 0.0 0.0 0.0 0.0 0.0 0.0 0.0 0.0 0.0 0.0 0.0 0.0 0.0 0.0 0.0 
-0.081626181084020796 -0.081761112837396344 -0.082030976344147438 -0.082165908097522986 -0.092470379548057244 -0.051522357252671298 -0.04121788580213704 -0.02060894290106852 -0.01030447145053426 0.0 0.0 0.0 0.0042046726350888604 0.0084093452701777208 0.0084093452701777208 0.0084093452701777208 0.012614017905266582 0.012614017905266582 0.0084093452701777208 0.0084093452701777208 0.0084093452701777208 0.0042046726350888604 0.0 0.0 0.0 0.0 0.0 0.0 0.0 0.0 0.0 0.0 0.0 0.0 0.0 0.0 0.0 0.0 0.0 0.0 0.0 0.0 0.0 0.0 0.0 0.0 0.0 0.0 0.0 0.0 
-0.10196526047833823 -0.10210019223171377 -0.10237005573846486 -0.10250498749184042 -0.092470379548057244 -0.051522357252671298 -0.04121788580213704 -0.02060894290106852 -0.01030447145053426 0.0 0.0 0.0 0.0042046726350888604 0.0084093452701777208 0.016818690540355442 0.016818690540355442 0.021023363175444301 0.021023363175444301 0.016818690540355442 0.0084093452701777208 0.0084093452701777208 0.0042046726350888604 0.0 0.0 0.0 0.0 0.0 0.0 0.0 0.0 0.0 0.0 0.0 0.0 0.0 0.0 0.0 0.0 0.0 0.0 0.0 0.0 0.0 0.0 0.0 0.0 0.0 0.0 0.0 0.0 
-0.06101723818295228 -0.061152169936327827 -0.061422033443078922 -0.061556965196454469 -0.051522357252671298 -0.051522357252671298 -0.04121788580213704 -0.02060894290106852 -0.01030447145053426 0.0 0.0 0.0 0.0042046726350888604 0.0084093452701777208 0.016818690540355442 0.025228035810533164 0.029432708445622024 0.029432708445622024 0.025228035810533164 0.016818690540355442 0.029127469828153014 0.024922797193064151 0.020718124557975292 0.020718124557975292 0.020718124557975292 0.0 0.0 0.0 0.0 0.0 0.0 0.0 0.0 0.0 0.0 0.0 0.0 0.0 0.0 0.0 0.0 0.0 0.0 0.0 0.0 0.0 0.0 0.0 0.0 0.0 
-0.050847698485793569 -0.050847698485793569 -0.051117561992544663 -0.051252493745920211 -0.04121788580213704 -0.04121788580213704 -0.04121788580213704 -0.02060894290106852 -0.01030447145053426 0.0 0.0 0.0 0.0042046726350888604 0.0084093452701777208 0.016818690540355442 0.025228035810533164 0.035587098089520805 0.035587098089520805 0.031382425454431949 0.02297308018425423 0.035281859472051799 0.024922797193064151 0.020718124557975292 0.020718124557975292 0.020718124557975292 0.0 0.0 0.0 0.0 0.0 0.0 0.0 0.0 0.0 0.0 0.0 0.0 0.0 0.0 0.0 0.0 0.0 0.0 0.0 0.0 0.0 0.0 0.0 0.0 0.0 
-0.03050861909147614 -0.03050861909147614 -0.03050861909147614 -0.030643550844851687 -0.02060894290106852 -0.02060894290106852 -0.02060894290106852 -0.02060894290106852 -0.01030447145053426 0.0 0.0 0.0 0.0 0.0042046726350888604 0.012614017905266582 0.021023363175444301 0.031382425454431949 0.052100550012407237 0.047895877377318374 0.039486532107140655 0.051795311394938232 0.041436249115950584 0.020718124557975292 0.020718124557975292 0.020718124557975292 0.0 0.0 0.0 0.0 0.0 0.0 0.0 0.0078153192644715482 0.0078153192644715482 0.0078153192644715482 0.0078153192644715482 0.0078153192644715482 0.0 0.0 0.0 0.0 0.0 0.0 0.0 0.0 0.0 0.0 0.0 0.0 0.0 
-0.020339079394317425 -0.020339079394317425 -0.020339079394317425 -0.020339079394317425 -0.01030447145053426 -0.01030447145053426 -0.01030447145053426 -0.01030447145053426 -0.01030447145053426 0.0 0.0 0.0 0.0 0.0 0.0084093452701777208 0.016818690540355442 0.027177752819343086 0.047895877377318374 0.058254939656306029 0.049845594386128303 0.062154373673925872 0.051795311394938232 0.031077186836962936 0.020718124557975292 0.020718124557975292 0.0 0.0 0.0 0.0 0.0 0.0 0.0 0.0078153192644715482 0.015630638528943096 0.015630638528943096 0.015630638528943096 0.015630638528943096 0.0078153192644715482 0.0 0.0 0.0 0.0 0.0 0.0 0.0 0.0 0.0 0.0 0.0 0.0 
0.0 0.0 0.0 0.0 0.0 0.0 0.0 0.0 0.0 0.0 0.0 0.0 0.0 0.0 0.0 0.0084093452701777208 0.018768407549165367 0.039486532107140655 0.049845594386128303 0.070563718944103598 0.082872498231901168 0.072513435952913513 0.051795311394938232 0.041436249115950584 0.020718124557975292 0.0 0.0 0.0 0.0 0.0 0.0 0.0 0.0078153192644715482 0.015630638528943096 0.031261277057886193 0.031261277057886193 0.031261277057886193 0.023445957793414643 0.015630638528943096 0.0 0.0 0.0 0.0 0.0 0.0 0.0 0.0 0.0 0.0 0.0 
0.0 0.0 0.0 0.0 0.0 0.0 0.0 0.0 0.0 0.0 0.0 0.0 0.0 0.0 0.0 0.0 0.010359062278987646 0.031077186836962936 0.041436249115950584 0.062154373673925872 0.062154373673925872 0.051795311394938232 0.031077186836962936 0.020718124557975292 0.0 0.0 0.0 0.0 0.0 0.0 0.0 0.0 0.0078153192644715482 0.015630638528943096 0.031261277057886193 0.046891915586829286 0.046891915586829286 0.039076596322357743 0.031261277057886193 0.015630638528943096 0.0 0.0 0.0 0.0 0.0 0.0 0.0 0.0 0.0 0.0 
0.0 0.0 0.0 0.0 0.0 0.0 0.0 0.0 0.0 0.0 0.0 0.0 0.0 0.0 0.0 0.0 0.0 0.020718124557975292 0.031077186836962936 0.051795311394938232 0.051795311394938232 0.051795311394938232 0.031077186836962936 0.020718124557975292 0.0 0.0 0.0 0.0 0.0 0.0 0.0 0.0078153192644715482 0.015630638528943096 0.023445957793414643 0.039076596322357743 0.054707234851300836 0.046891915586829286 0.039076596322357743 0.031261277057886193 0.015630638528943096 0.0 0.0 0.0 0.0 0.0 0.0 0.0 0.0 0.0 0.0 
0.0 0.0 0.0 0.0 0.0 0.0 0.0 0.0 0.0 0.0 0.0 0.0 0.0 0.0 0.0 0.0 0.0 0.011129646755273186 0.021488709034260832 0.04220683359223612 0.04220683359223612 0.04220683359223612 0.031077186836962936 0.020718124557975292 0.0 0.0 0.0 0.0 0.0 0.0 0.0 0.0078153192644715482 0.015630638528943096 0.023445957793414643 0.039076596322357743 0.054707234851300836 0.046891915586829286 0.039076596322357743 0.031261277057886193 0.015630638528943096 0.0 0.0 0.0 0.0 0.0 0.0 0.0 0.0 0.0 0.0 
0.0 0.0 0.0 -0.0028448007549063447 -0.0028448007549063447 -0.0028448007549063447 -0.0028448007549063447 -0.0028448007549063447 0.0 0.0 0.0 0.0 0.0 0.0 0.0 0.0 0.0 0.011129646755273186 0.01669447013290978 0.037412594690885072 0.037412594690885072 0.037412594690885072 0.026282947935611884 0.020718124557975292 0.0 0.0 0.0 0.0 0.0 0.0 0.0 0.0078153192644715482 0.015630638528943096 0.015630638528943096 0.031261277057886193 0.046891915586829286 0.039076596322357743 0.031261277057886193 0.031261277057886193 0.015630638528943096 0.0 0.0 0.0 0.0 0.0 0.0 0.0 0.0 0.0 0.0 
0.0 0.0 0.0 -0.0028448007549063447 -0.0085344022647190348 -0.0085344022647190348 -0.0085344022647190348 -0.0085344022647190348 -0.0056896015098126893 0.0012149936258049696 0.0012149936258049696 0.0012149936258049696 0.0012149936258049696 0.0012149936258049696 0.0 0.0 0.0 0.011129646755273186 0.01669447013290978 0.027824116888182968 0.027824116888182968 0.027824116888182968 0.01669447013290978 0.011129646755273186 0.0 0.0 0.0 0.0 0.0 0.0 0.0 0.0078153192644715482 0.015630638528943096 0.015630638528943096 0.015630638528943096 0.031261277057886193 0.023445957793414643 0.015630638528943096 0.015630638528943096 0.015630638528943096 0.0 0.0 0.0 0.0 0.0 0.0 0.0 0.0 0.0 0.0 
0.0 0.0 0.0 -0.0028448007549063447 -0.0085344022647190348 -0.014224003774531722 -0.014224003774531722 -0.014224003774531722 -0.011379203019625379 -0.0044746078840077197 0.0024299872516099393 0.0024299872516099393 0.0024299872516099393 0.0024299872516099393 0.0012149936258049696 0.0 0.0 0.011129646755273186 0.01669447013290978 0.027824116888182968 0.038953763643456152 0.038953763643456152 0.027824116888182964 0.022259293510546372 0.011129646755273186 0.0 0.0 0.0 0.0 0.0 0.0 0.0078153192644715482 0.015630638528943096 0.015630638528943096 0.015630638528943096 0.015630638528943096 0.0078153192644715482 0.0 0.0 0.0 0.0 0.0 0.0 0.0 0.0 0.0 0.0 0.0 0.0 0.0 
0.0 0.0 0.0 -0.0028448007549063447 -0.0085344022647190348 -0.014224003774531722 -0.01706880452943807 -0.01706880452943807 -0.014224003774531722 -0.0073194086389140644 -0.00041481350329640541 0.0030374840645124241 0.0030374840645124241 0.0030374840645124241 0.0018224904387074544 0.00060749681290248481 0.005564823377636593 0.01669447013290978 0.022259293510546372 0.03338894026581956 0.044518587021092744 0.038953763643456152 0.027824116888182964 0.022259293510546372 0.011129646755273186 0.0 0.0 0.0 0.0 0.0 0.0 0.0 0.0078153192644715482 0.0078153192644715482 0.0078153192644715482 0.0078153192644715482 0.0078153192644715482 0.0 0.0 0.0 0.0 0.0 0.0 0.0 0.0 0.0 0.0 0.0 0.0 0.0 
0.0 0.0 0.0 -0.0028448007549063447 -0.0085344022647190348 -0.014224003774531722 -0.01706880452943807 -0.022758406039250757 -0.019913605284344413 -0.013009010148726755 -0.0061044150131090956 -0.0026521174453002653 0.0042524776903173937 0.0042524776903173937 0.0030374840645124241 0.0018224904387074544 0.0067798170034415626 0.005564823377636593 0.011129646755273186 0.022259293510546372 0.03338894026581956 0.027824116888182964 0.027824116888182964 0.022259293510546372 0.011129646755273186 0.0 0.0 0.0 0.0 0.0 0.0 0.0 0.0 0.0 0.0 0.0 0.0 0.0 0.0 0.0 0.0 0.0 0.0 0.0 0.0 0.0 0.0 0.0 0.0 0.0 
0.0 0.0 0.0 0.0 -0.0056896015098126893 -0.011379203019625379 -0.014224003774531722 -0.019913605284344413 -0.01930610847144193 -0.012401513335824269 -0.0054969182002066099 -0.0020446206323977804 0.0048599745032198785 0.0042524776903173937 0.0030374840645124241 0.0018224904387074544 0.0067798170034415626 0.005564823377636593 0.005564823377636593 0.01669447013290978 0.027824116888182964 0.022259293510546372 0.022259293510546372 0.022259293510546372 0.011129646755273186 0.0 0.0 0.0 0.0 0.0 0.0 0.0 0.0 0.0 0.0 0.0 0.0 0.0 0.0 0.0 0.0 0.0 0.0 0.0 0.0 0.0 0.0 0.0 0.0 0.0 
0.0 0.0 0.0 0.0 0.0 -0.0056896015098126893 -0.0085344022647190348 -0.014224003774531724 -0.013616506961629238 -0.010590403591638525 -0.0036858084560208648 -0.00023351088821203531 0.0066710842474056236 0.0060635874345031388 0.0030374840645124241 0.0018224904387074544 0.0067798170034415626 0.005564823377636593 0.005564823377636593 0.005564823377636593 0.01669447013290978 0.011129646755273186 0.011129646755273186 0.011129646755273186 0.011129646755273186 0.0 0.0 0.0 0.0 0.0 0.0 0.0 0.0 0.0 0.0 0.0 0.0 0.0 0.0 0.0 0.0 0.0 0.0 0.0 0.0 0.0 0.0 0.0 0.0 0.0 
0.0 0.0 0.0 0.0 0.0 0.0 -0.0028448007549063447 -0.0085344022647190348 -0.0079269054518165492 -0.0049008020818258344 0.001151404658155596 0.0046037022259644254 0.011508297361582084 0.0109008005486796 0.0078746971786888831 0.0018224904387074544 0.0067798170034415626 0.005564823377636593 0.005564823377636593 0.005564823377636593 0.005564823377636593 0.0 0.0 0.0 0.0 -0.013067347684013009 -0.013067347684013009 -0.013067347684013009 -0.013067347684013009 -0.013067347684013009 0.0 0.0 0.0 0.0 0.0 0.0 0.0 0.0 0.0 0.0 0.0 0.0 0.0 0.0 0.0 0.0 0.0 0.0 0.0 0.0 
0.0 0.0075209826108161449 0.0075209826108161449 0.0075209826108161449 0.0075209826108161449 0.0075209826108161449 0.0 -0.0056896015098126893 -0.0050821046969102045 -0.0020560013269194898 0.0039962054130619406 0.0070223087830526554 0.013926903918670314 0.01331940710576783 0.010293303735777113 0.0042410969957956844 0.0012149936258049696 0.0 0.0 0.0 0.0 0.0 0.0 0.0 0.0 -0.013067347684013009 -0.019601021526019516 -0.019601021526019516 -0.019601021526019516 -0.019601021526019516 -0.0065336738420065047 0.0 0.0 0.0 0.0 0.0 0.0 0.0 0.0 0.0 0.0 0.0 0.0 0.0 0.0 0.0 0.0 0.0 0.0 0.0 
0.0 0.0075209826108161449 0.022562947832448436 0.022562947832448436 0.022562947832448436 0.022562947832448436 0.01504196522163229 0.0030261033699907148 0.0036336001828931996 0.0066597035528839143 0.012711910292865345 0.01573801366285606 0.01573801366285606 0.015130516849953575 0.012104413479962859 0.0060522067399814295 0.0030261033699907148 0.0 0.0 0.0 0.0 0.0 0.0 0.0 0.0 -0.013067347684013009 -0.019601021526019516 -0.032668369210032522 -0.032668369210032522 -0.032668369210032522 -0.019601021526019516 -0.013067347684013009 0.0 0.0 0.0 0.0 0.0 0.0 0.0 0.0 0.0 0.0 0.0 0.0 0.0 0.0 0.0 0.0 0.0 0.0 
0.0 0.0075209826108161449 0.022562947832448436 0.03008393044326458 0.03008393044326458 0.03008393044326458 0.022562947832448436 0.010547085980806861 0.0060522067399814295 0.0090783101099721451 0.015130516849953575 0.01815662021994429 0.01815662021994429 0.015130516849953575 0.012104413479962859 0.0060522067399814295 0.0030261033699907148 0.0 0.0 0.0 0.0 0.0 0.0 0.0 0.0 -0.013067347684013009 -0.019601021526019516 -0.032668369210032522 -0.039202043052039032 -0.039202043052039032 -0.026134695368026019 -0.019601021526019516 -0.0065336738420065047 0.0 0.0 0.0 0.0 0.0 0.0 0.0 0.0 0.0 0.0 0.0 0.0 0.0 0.0 0.0 0.0 0.0 
0.0 0.0075209826108161449 0.022562947832448436 0.03008393044326458 0.045125895664896873 0.045125895664896873 0.03760491305408073 0.02558905120243915 0.021094171961613721 0.0090783101099721451 0.015130516849953575 0.01815662021994429 0.01815662021994429 0.015130516849953575 0.012104413479962859 0.0060522067399814295 0.0030261033699907148 0.0 0.0 0.0 0.0 0.0 0.0 0.0 0.0 -0.013067347684013009 -0.019601021526019516 -0.032668369210032522 -0.039202043052039032 -0.052269390736052038 -0.039202043052039032 -0.032668369210032522 -0.019601021526019516 -0.013067347684013009 0.0 0.0 0.0 0.0 0.0 0.0 0.0 0.0 0.0 0.0 0.0 0.0 0.0 0.0 0.0 0.0 
0.0075209826108161449 0.01504196522163229 0.03008393044326458 0.037604913054080723 0.052646878275713016 0.052646878275713016 0.045125895664896873 0.033110033813255293 0.028615154572429864 0.016599292720788292 0.0090783101099721451 0.012104413479962859 0.012104413479962859 0.0090783101099721451 0.0060522067399814295 0.0060522067399814295 0.0030261033699907148 0.0 0.0 0.0 0.0 0.0 0.0 0.0 0.0 0.0 -0.0065336738420065047 -0.019601021526019516 -0.026134695368026019 -0.039202043052039032 -0.039202043052039032 -0.032668369210032522 -0.019601021526019516 -0.013067347684013009 0.0 0.0 0.0 0.0 0.0 0.0 0.0 0.0 0.0 0.0 0.0 0.0 0.0 0.0 0.0 0.0 
0.0075209826108161449 0.0075209826108161449 0.022562947832448436 0.03008393044326458 0.045125895664896873 0.045125895664896873 0.045125895664896873 0.033110033813255293 0.028615154572429864 0.016599292720788292 0.0090783101099721451 0.0090783101099721451 0.0090783101099721451 0.0060522067399814295 0.0030261033699907148 0.0030261033699907148 0.0030261033699907148 0.0 0.0 0.0 0.0 0.0 0.0 0.0 0.0 0.0 0.0 -0.013067347684013009 -0.019601021526019516 -0.032668369210032522 -0.032668369210032522 -0.032668369210032522 -0.019601021526019516 -0.013067347684013009 0.0 0.0 0.0 0.0 0.0 0.0 0.0 0.0 0.0 0.0 0.0 0.0 0.0 0.0 0.0 0.0 
0.0075209826108161449 0.0075209826108161449 0.0075209826108161449 0.01504196522163229 0.03008393044326458 0.03008393044326458 0.03008393044326458 0.03008393044326458 0.02558905120243915 0.013573189350797574 0.0060522067399814295 0.0060522067399814295 0.0060522067399814295 0.0030261033699907148 0.0 0.0 0.0 0.0 0.0 0.0 0.0 0.0 0.0 0.0 0.0 0.0 0.0 0.0 -0.0065336738420065047 -0.019601021526019516 -0.019601021526019516 -0.019601021526019516 -0.019601021526019516 -0.013067347684013009 0.0 0.0 0.0 0.0 0.0 0.0 0.0 0.0 0.0 0.0 0.0 0.0 0.0 0.0 0.0 0.0 
0.0075209826108161449 0.0075209826108161449 0.0075209826108161449 0.0075209826108161449 0.022562947832448436 0.022562947832448436 0.022562947832448436 0.022562947832448436 0.022562947832448436 0.010547085980806861 0.0030261033699907148 0.0030261033699907148 0.0030261033699907148 0.0030261033699907148 0.0 0.0 0.0 0.0 0.0 0.0 0.0 0.0 0.0 0.0 0.0 0.0 0.0 0.0 0.0 -0.013067347684013009 -0.013067347684013009 -0.013067347684013009 -0.013067347684013009 -0.013067347684013009 0.0 0.0 0.0 0.0 0.0 0.0 0.0 0.0 0.0 0.0 0.0 0.0 0.0 0.0 0.0 0.0 
0.0075209826108161449 0.0075209826108161449 0.0075209826108161449 0.0075209826108161449 0.0075209826108161449 0.0075209826108161449 0.0075209826108161449 0.0075209826108161449 0.0075209826108161449 0.0075209826108161449 0.0 0.0 0.0 0.0 0.0 0.0 0.0 0.0 0.0 -0.014027963291364777 -0.014027963291364777 -0.014027963291364777 -0.014027963291364777 -0.014027963291364777 -0.014027963291364777 -0.014027963291364777 -0.014027963291364777 -0.014027963291364777 -0.014027963291364777 0.0 0.0 0.0 0.0 0.0 -0.0003201264938737776 -0.0003201264938737776 -0.0003201264938737776 -0.0003201264938737776 -0.0003201264938737776 0.0 0.0 0.0 0.0 0.0 0.0 0.0 0.0 0.0 0.0 0.0 
0.0 0.0 0.0 0.0 0.0 0.0 0.0 0.0 0.0 0.0 0.0 0.0 0.0 0.0 0.0 0.0 0.0 0.0 0.0 -0.014027963291364777 -0.042083889874094331 -0.042083889874094331 -0.042083889874094331 -0.042083889874094331 -0.042083889874094331 -0.040233126767941371 -0.040233126767941371 -0.040233126767941371 -0.040233126767941371 -0.026205163476576594 0.0 0.0 0.0 0.0 -0.0003201264938737776 -0.0009603794816213328 -0.0009603794816213328 -0.0009603794816213328 -0.0009603794816213328 -0.0006402529877475552 0.0 0.0 0.0 0.0 0.0 0.011467161503263745 0.011467161503263745 0.011467161503263745 0.011467161503263745 0.011467161503263745 
0.0 0.0 0.0 0.0 0.0 0.0 0.0 0.0 0.0 0.0 0.0 0.0 0.0 0.0 0.0 0.0 0.0 0.0 0.0 -0.014027963291364777 -0.042083889874094331 -0.056111853165459108 -0.056111853165459108 -0.056111853165459108 -0.056111853165459108 -0.054261090059306148 -0.053335708506229665 -0.053335708506229665 -0.053335708506229665 -0.039307745214864895 -0.013102581738288297 0.0 0.0 0.0 -0.0003201264938737776 -0.0009603794816213328 -0.0012805059754951104 -0.0012805059754951104 -0.0012805059754951104 -0.0009603794816213328 -0.0003201264938737776 0.0 0.0 0.0 0.0 0.011467161503263745 0.02293432300652749 0.02293432300652749 0.02293432300652749 0.02293432300652749 
0.0 0.0 0.0 0.0 0.0 0.0 0.0 0.0 0.0 0.0 0.0 0.0 0.0 0.0 0.0 0.0 0.0 0.0 0.0 -0.014027963291364777 -0.042083889874094331 -0.056111853165459108 -0.097270361486476969 -0.097270361486476969 -0.097270361486476969 -0.095419598380324003 -0.094494216827247512 -0.066438290244517972 -0.066438290244517972 -0.052410326953153188 -0.026205163476576594 -0.013102581738288297 0.0 0.0 -0.0003201264938737776 -0.0009603794816213328 -0.0012805059754951104 -0.0019207589632426656 -0.0019207589632426656 -0.001600632469368888 -0.0009603794816213328 -0.0006402529877475552 0.0 0.0 0.0 0.011467161503263745 0.02293432300652749 0.04586864601305498 0.04586864601305498 0.04586864601305498 
0.0 0.0 0.0 0.0 0.0 0.0 0.0 0.0 0.0 0.0 0.0 0.0 0.0 0.0 0.0 0.0 0.0 0.0 0.0 -0.014027963291364777 -0.042083889874094331 -0.056111853165459108 -0.097270361486476969 -0.12440090651613003 -0.12440090651613003 -0.12255014340997707 -0.12162476185690059 -0.093568835274171036 -0.066438290244517972 -0.052410326953153188 -0.026205163476576594 -0.013102581738288297 0.0 0.0 -0.0003201264938737776 -0.0009603794816213328 -0.0012805059754951104 -0.0019207589632426656 -0.0022408854571164434 -0.0019207589632426656 -0.0012805059754951104 -0.0009603794816213328 -0.0003201264938737776 0.0 0.0 0.011467161503263745 0.02293432300652749 0.04586864601305498 0.057335807516318726 0.057335807516318726 
0.023310369076058296 0.023310369076058296 0.023310369076058296 0.023310369076058296 0.0 0.0 0.0 0.0 0.0 0.0 0.0 0.0 0.0 0.0 0.0 0.0 0.0 0.0 0.0 0.0 -0.028055926582729554 -0.042083889874094331 -0.083242398195112186 -0.11037294322476525 -0.13657810670134185 -0.1347273435951889 -0.13380196204211242 -0.10574603545938285 -0.07861549042972979 -0.052410326953153188 -0.026205163476576594 -0.013102581738288297 0.0 0.0 -0.0003201264938737776 -0.0009603794816213328 -0.0012805059754951104 -0.0019207589632426656 -0.0022408854571164434 -0.0019207589632426656 -0.0012805059754951104 -0.0009603794816213328 -0.0003201264938737776 0.0 0.0 0.011467161503263745 0.02293432300652749 0.04586864601305498 0.057335807516318726 0.080270130522846206 
0.046620738152116592 0.046620738152116592 0.046620738152116592 0.046620738152116592 0.023310369076058296 0.0 0.0 0.0 0.0 0.0 0.0 0.0 0.0 0.0 0.0 0.0 0.0 0.0 0.0 0.0 0.0 -0.014027963291364777 -0.055186471612382632 -0.082317016642035695 -0.10852218011861228 -0.10852218011861228 -0.10759679856553581 -0.079540871982806266 -0.052410326953153188 -0.026205163476576594 -0.026205163476576594 -0.013102581738288297 0.0 0.0 -0.0003201264938737776 -0.0003201264938737776 -0.0006402529877475552 -0.0012805059754951104 -0.001600632469368888 -0.0012805059754951104 -0.0035724795673408587 -0.0032523530734670809 -0.0026121000857195261 -0.0022919735918457483 -0.0022919735918457483 0.0 0.011467161503263745 0.034401484509791233 0.04586864601305498 0.068802969019582466 
0.056340867054921896 0.05827592269014574 0.05827592269014574 0.05827592269014574 0.034965553614087444 0.011655184538029148 0.0 0.0 0.0 0.0 0.0 0.0 0.0 0.0 0.0 0.0 0.0 0.0 0.0 0.0 0.0 0.0 -0.041158508321017848 -0.068289053350670925 -0.094494216827247512 -0.094494216827247512 -0.094494216827247512 -0.066438290244517972 -0.039307745214864895 -0.013102581738288297 -0.013102581738288297 -0.013102581738288297 0.0 0.0 -0.0003201264938737776 -0.0003201264938737776 -0.0026121000857195261 -0.0032523530734670809 -0.0035724795673408591 -0.0032523530734670813 -0.0055443266653128296 -0.0032523530734670809 -0.0026121000857195261 -0.0022919735918457483 -0.0022919735918457483 0.0 0.0 0.02293432300652749 0.034401484509791233 0.057335807516318726 
0.099091493936590808 0.10102654957181464 0.05827592269014574 0.05827592269014574 0.034965553614087444 0.011655184538029148 0.0 0.0013428555087978732 0.0013428555087978732 0.0013428555087978732 0.0013428555087978732 0.0013428555087978732 0.0013428555087978732 0.0013428555087978732 0.0013428555087978732 0.0013428555087978732 0.0013428555087978732 0.0 0.0 0.0 0.0 0.0 0.0 -0.027130545029653074 -0.053335708506229665 -0.053335708506229665 -0.053335708506229665 -0.053335708506229665 -0.026205163476576594 0.0 0.0 0.0 0.0 0.0 -0.0003201264938737776 -0.0003201264938737776 -0.0026121000857195261 -0.0071960472694110218 -0.0075161737632848001 -0.0071960472694110227 -0.0094880208612567705 -0.0071960472694110236 -0.0026121000857195261 -0.0022919735918457483 -0.0022919735918457483 0.0 0.0 0.0 0.011467161503263745 0.034401484509791233 
0.12046680737742525 0.1224018630126491 0.079651236130980185 0.05827592269014574 0.034965553614087444 0.011655184538029148 0.0 0.0013428555087978732 0.0026857110175957464 0.0026857110175957464 0.0026857110175957464 0.0026857110175957464 0.0026857110175957464 0.0013428555087978732 0.0013428555087978732 0.0013428555087978732 0.0013428555087978732 0.0 0.0 0.0 0.0 0.0 0.0 0.0 -0.026205163476576594 -0.026205163476576594 -0.026205163476576594 -0.026205163476576594 -0.026205163476576594 0.0 0.0 0.0 0.0 0.0 -0.0003201264938737776 -0.0003201264938737776 -0.0026121000857195261 -0.0071960472694110218 -0.0094880208612567705 -0.0091678943673829932 -0.011459867959228742 -0.0091678943673829932 -0.0045839471836914966 -0.0022919735918457483 -0.0022919735918457483 0.0 0.0 0.0 0.0 0.02293432300652749 
0.11659669610697757 0.11853175174220142 0.075781124860532512 0.054405811419698052 0.034965553614087444 0.011655184538029148 0.0 0.0013428555087978732 0.0026857110175957464 0.0053714220351914928 0.0053714220351914928 0.0053714220351914928 0.0053714220351914928 0.0040285665263936196 0.0013428555087978732 0.0013428555087978732 0.0013428555087978732 0.0 0.0 0.0 0.0 0.0 0.0 0.0 0.0 0.0 0.0 0.0 0.0 0.0 0.0 0.0 0.0 0.0 0.0 0.0 -0.0022919735918457483 -0.0068759207755372444 -0.0091678943673829932 -0.013751841551074489 -0.016043815142920238 -0.013751841551074489 -0.0091678943673829932 -0.0068759207755372444 -0.0022919735918457483 0.0 0.0 0.0 0.0 0.0 
0.11272658483652988 0.11466164047175373 0.07191101359008481 0.050535700149250365 0.031095442343639756 0.011655184538029148 0.0 0.0013428555087978732 0.0026857110175957464 0.0053714220351914928 0.0080571330527872392 0.0080571330527872392 0.0080571330527872392 0.006714277543989366 0.0040285665263936196 0.0013428555087978732 0.0013428555087978732 0.0 0.0 0.0 0.0 0.0 0.0 0.0 0.0 0.0 0.0 0.0 0.0 0.0 0.0 0.0 0.0 0.0 0.0 0.0 -0.0022919735918457483 -0.0068759207755372444 -0.0091678943673829932 -0.013751841551074489 -0.016043815142920238 -0.013751841551074489 -0.0091678943673829932 -0.0068759207755372444 -0.0022919735918457483 0.0 0.0 0.0 0.0 0.0 
0.10300645593372457 0.10300645593372457 0.060255829052055669 0.038880515611221217 0.019440257805610608 0.0 0.0 0.0013428555087978732 0.0026857110175957464 0.0053714220351914928 0.0080571330527872392 0.0093999885615851132 0.0093999885615851132 0.0080571330527872392 0.0053714220351914928 0.0026857110175957464 0.0013428555087978732 0.0 0.0 0.0 0.0 0.0 0.0 0.0 0.0 0.0 0.0 0.0 0.0 0.0 0.0 0.0 0.0 0.0 0.0 0.0 0.0 -0.0045839471836914966 -0.0068759207755372444 -0.01145986795922874 -0.013751841551074489 -0.013751841551074489 -0.0091678943673829932 -0.0068759207755372444 -0.0022919735918457483 0.0 0.0 0.0 0.0 0.0 
0.060255829052055669 0.060255829052055669 0.060255829052055669 0.038880515611221217 0.019440257805610608 0.0 0.0 0.0 0.0013428555087978732 0.0040285665263936196 0.006714277543989366 0.0080571330527872392 0.0080571330527872392 0.006714277543989366 0.0040285665263936196 0.0013428555087978732 0.0 0.0 0.0 0.0 0.0 0.0 0.0 0.0 0.0 0.0 0.0 0.0 0.0 0.0 0.0 0.0 0.0 0.0 0.0 0.0 0.0 0.0 -0.0022919735918457483 -0.0068759207755372444 -0.0091678943673829932 -0.0091678943673829932 -0.0091678943673829932 -0.0068759207755372444 -0.0022919735918457483 0.0 0.0 0.0 0.0 0.0 
0.038880515611221217 0.038880515611221217 0.038880515611221217 0.038880515611221217 0.019440257805610608 0.0 0.0 0.0 0.0 0.0026857110175957464 0.0053714220351914928 0.006714277543989366 0.006714277543989366 0.006714277543989366 0.0040285665263936196 0.0013428555087978732 0.0 0.0 0.0 0.0 0.0 0.0 0.0 0.0 0.0 0.0 0.0 0.0 0.0 0.0 0.0 0.0 0.0 0.0 0.0 0.0 0.0 0.0 0.0 -0.0045839471836914966 -0.0068759207755372444 -0.0068759207755372444 -0.0068759207755372444 -0.0068759207755372444 -0.0022919735918457483 0.0 0.0 0.0 0.0 0.0 
0.019440257805610608 0.019440257805610608 0.019440257805610608 0.019440257805610608 0.019440257805610608 0.0 0.0 0.0 0.0 0.0 0.0026857110175957464 0.0040285665263936196 0.0040285665263936196 0.0040285665263936196 0.0040285665263936196 0.0013428555087978732 0.0 0.0 0.0 0.0 0.0 0.0 0.0 0.0 0.0 0.0 0.0 0.0 0.0 0.0 0.0 0.0 0.0 0.0 0.0 0.0 0.0 0.0 0.0 0.0 -0.0022919735918457483 -0.0022919735918457483 -0.0022919735918457483 -0.0022919735918457483 -0.0022919735918457483 0.0 0.0 0.0 0.0 0.0 
